CLIP_0:1.89361,10.24327,-9.20483
CLIP_1:1.72412,12.06106,-5.75011
