CLIP_0:0.95875,1.42230,-1.17133
CLIP_1:-0.50378,1.39678,-1.34022
CLIP_2:-0.73059,-3.26292,2.12202
CLIP_3:-0.00591,1.29483,-2.40493
