CLIP_0:1.88896,10.22852,-9.21401
CLIP_1:1.73144,12.07724,-5.75844
