CLIP_0:1.88827,10.22630,-9.21539
CLIP_1:1.73254,12.07968,-5.75969
