CLIP_0:0.95875,0.69520,-1.30963
CLIP_1:-0.50378,0.66968,-1.47852
CLIP_2:-0.73059,-3.99002,1.98372
CLIP_3:-0.00591,0.56773,-2.54323
