CLIP_0:1.89233,10.23923,-9.20736
CLIP_1:1.72612,12.06550,-5.75240
