CLIP_0:1.88722,10.22288,-9.21749
CLIP_1:1.73422,12.08340,-5.76160
