CLIP_0:1.89460,10.24641,-9.20287
CLIP_1:1.72257,12.05762,-5.74833
