CLIP_0:1.89493,10.24745,-9.20222
CLIP_1:1.72205,12.05647,-5.74774
