CLIP_0:0.95875,-0.04182,-1.50451
CLIP_1:-0.50378,-0.06735,-1.67340
CLIP_2:-0.73059,-4.72704,1.78884
CLIP_3:-0.00591,-0.16929,-2.73811
