CLIP_0:0.95875,0.47280,-1.35992
CLIP_1:-0.50378,0.44728,-1.52882
CLIP_2:-0.73059,-4.21242,1.93343
CLIP_3:-0.00591,0.34533,-2.59352
