CLIP_0:1.88633,10.21999,-9.21928
CLIP_1:1.73564,12.08653,-5.76322
