CLIP_0:0.95875,0.75430,-1.29706
CLIP_1:-0.50378,0.72878,-1.46595
CLIP_2:-0.73059,-3.93092,1.99629
CLIP_3:-0.00591,0.62683,-2.53066
