CLIP_0:1.88515,10.21620,-9.22163
CLIP_1:1.73752,12.09067,-5.76535
