CLIP_0:1.88454,10.21424,-9.22284
CLIP_1:1.73849,12.09282,-5.76645
