CLIP_0:0.95875,1.97320,-1.08332
CLIP_1:-0.50378,1.94768,-1.25222
CLIP_2:-0.73059,-2.71202,2.21003
CLIP_3:-0.00591,1.84573,-2.31692
