CLIP_0:0.95875,0.37000,-1.38507
CLIP_1:-0.50378,0.34448,-1.55396
CLIP_2:-0.73059,-4.31522,1.90828
CLIP_3:-0.00591,0.24253,-2.61867
