CLIP_0:1.88933,10.22970,-9.21328
CLIP_1:1.73085,12.07596,-5.75778
