CLIP_0:1.88787,10.22499,-9.21620
CLIP_1:1.73318,12.08111,-5.76043
