CLIP_0:0.95875,-0.16170,-1.54851
CLIP_1:-0.50378,-0.18722,-1.71741
CLIP_2:-0.73059,-4.84692,1.74484
CLIP_3:-0.00591,-0.28917,-2.78211
