CLIP_0:0.95875,1.49680,-1.15876
CLIP_1:-0.50378,1.47128,-1.32765
CLIP_2:-0.73059,-3.18842,2.13459
CLIP_3:-0.00591,1.36933,-2.39236
