CLIP_0:1.88994,10.23166,-9.21206
CLIP_1:1.72988,12.07381,-5.75668
