CLIP_0:1.89382,10.24393,-9.20442
CLIP_1:1.72379,12.06034,-5.74974
