CLIP_0:1.88750,10.22380,-9.21693
CLIP_1:1.73377,12.08239,-5.76109
