CLIP_0:1.88966,10.23074,-9.21263
CLIP_1:1.73034,12.07481,-5.75720
