CLIP_0:0.95875,-0.29062,-1.60509
CLIP_1:-0.50378,-0.31615,-1.77398
CLIP_2:-0.73059,-4.97584,1.68826
CLIP_3:-0.00591,-0.41809,-2.83869
