CLIP_0:1.88860,10.22734,-9.21474
CLIP_1:1.73202,12.07853,-5.75911
