CLIP_0:1.88641,10.22026,-9.21912
CLIP_1:1.73552,12.08625,-5.76307
