CLIP_0:0.95875,-0.11242,-1.52965
CLIP_1:-0.50378,-0.13795,-1.69855
CLIP_2:-0.73059,-4.79764,1.76370
CLIP_3:-0.00591,-0.23989,-2.76325
