CLIP_0:1.88345,10.21071,-9.22503
CLIP_1:1.74024,12.09668,-5.76843
