CLIP_0:1.88706,10.22236,-9.21782
CLIP_1:1.73448,12.08397,-5.76190
