CLIP_0:1.88738,10.22341,-9.21717
CLIP_1:1.73396,12.08282,-5.76131
