CLIP_0:1.89166,10.23714,-9.20866
CLIP_1:1.72716,12.06780,-5.75358
