CLIP_0:1.88876,10.22787,-9.21441
CLIP_1:1.73176,12.07796,-5.75881
