CLIP_0:1.88471,10.21476,-9.22252
CLIP_1:1.73823,12.09225,-5.76616
