CLIP_0:1.88398,10.21241,-9.22398
CLIP_1:1.73940,12.09482,-5.76748
