CLIP_0:0.95875,1.57270,-1.14619
CLIP_1:-0.50378,1.54718,-1.31508
CLIP_2:-0.73059,-3.11252,2.14716
CLIP_3:-0.00591,1.44523,-2.37978
