CLIP_0:1.89522,10.24836,-9.20165
CLIP_1:1.72159,12.05546,-5.74723
