CLIP_0:1.89365,10.24340,-9.20475
CLIP_1:1.72405,12.06092,-5.75003
