CLIP_0:1.88645,10.22039,-9.21903
CLIP_1:1.73545,12.08610,-5.76300
