CLIP_0:1.88560,10.21764,-9.22074
CLIP_1:1.73681,12.08910,-5.76454
