CLIP_0:0.95875,-0.32730,-1.62395
CLIP_1:-0.50378,-0.35282,-1.79284
CLIP_2:-0.73059,-5.01252,1.66940
CLIP_3:-0.00591,-0.45477,-2.85755
