CLIP_0:0.95875,1.17257,-1.21534
CLIP_1:-0.50378,1.14705,-1.38423
CLIP_2:-0.73059,-3.51264,2.07801
CLIP_3:-0.00591,1.04511,-2.44893
