CLIP_0:1.89476,10.24693,-9.20254
CLIP_1:1.72231,12.05704,-5.74804
