CLIP_0:1.88872,10.22774,-9.21449
CLIP_1:1.73182,12.07810,-5.75889
