CLIP_0:0.95875,1.34920,-1.18391
CLIP_1:-0.50378,1.32368,-1.35280
CLIP_2:-0.73059,-3.33602,2.10944
CLIP_3:-0.00591,1.22173,-2.41750
