CLIP_0:0.95875,1.68917,-1.12733
CLIP_1:-0.50378,1.66365,-1.29622
CLIP_2:-0.73059,-2.99604,2.16602
CLIP_3:-0.00591,1.56171,-2.36093
