CLIP_0:0.95875,0.18120,-1.43536
CLIP_1:-0.50378,0.15568,-1.60425
CLIP_2:-0.73059,-4.50402,1.85799
CLIP_3:-0.00591,0.05373,-2.66896
