CLIP_0:0.95875,-0.26442,-1.59252
CLIP_1:-0.50378,-0.28995,-1.76141
CLIP_2:-0.73059,-4.94964,1.70083
CLIP_3:-0.00591,-0.39189,-2.82611
