CLIP_0:1.88402,10.21254,-9.22390
CLIP_1:1.73933,12.09468,-5.76740
