CLIP_0:1.89406,10.24471,-9.20393
CLIP_1:1.72340,12.05948,-5.74930
