CLIP_0:1.88754,10.22393,-9.21685
CLIP_1:1.73370,12.08225,-5.76101
