CLIP_0:1.89398,10.24445,-9.20409
CLIP_1:1.72353,12.05977,-5.74944
