CLIP_0:1.89097,10.23492,-9.21004
CLIP_1:1.72826,12.07024,-5.75484
