CLIP_0:0.95875,1.65000,-1.13362
CLIP_1:-0.50378,1.62448,-1.30251
CLIP_2:-0.73059,-3.03522,2.15974
CLIP_3:-0.00591,1.52253,-2.36721
