CLIP_0:1.88730,10.22314,-9.21733
CLIP_1:1.73409,12.08311,-5.76146
