CLIP_0:0.95875,0.81480,-1.28449
CLIP_1:-0.50378,0.78928,-1.45338
CLIP_2:-0.73059,-3.87042,2.00886
CLIP_3:-0.00591,0.68733,-2.51808
