CLIP_0:0.95875,-0.07782,-1.51708
CLIP_1:-0.50378,-0.10335,-1.68597
CLIP_2:-0.73059,-4.76304,1.77627
CLIP_3:-0.00591,-0.20529,-2.75068
