CLIP_0:1.89195,10.23806,-9.20809
CLIP_1:1.72671,12.06680,-5.75307
