CLIP_0:0.95875,0.49938,-1.35364
CLIP_1:-0.50378,0.47385,-1.52253
CLIP_2:-0.73059,-4.18584,1.93971
CLIP_3:-0.00591,0.37191,-2.58723
