CLIP_0:1.88848,10.22695,-9.21498
CLIP_1:1.73221,12.07896,-5.75933
