CLIP_0:0.95875,-0.33882,-1.63024
CLIP_1:-0.50378,-0.36435,-1.79913
CLIP_2:-0.73059,-5.02404,1.66311
CLIP_3:-0.00591,-0.46629,-2.86383
