CLIP_0:0.95875,1.10437,-1.22791
CLIP_1:-0.50378,1.07885,-1.39680
CLIP_2:-0.73059,-3.58084,2.06544
CLIP_3:-0.00591,0.97691,-2.46151
