CLIP_0:1.88556,10.21751,-9.22082
CLIP_1:1.73687,12.08924,-5.76461
