CLIP_0:1.89006,10.23205,-9.21182
CLIP_1:1.72969,12.07338,-5.75646
