CLIP_0:1.89369,10.24353,-9.20467
CLIP_1:1.72399,12.06077,-5.74996
