CLIP_0:1.89336,10.24249,-9.20532
CLIP_1:1.72451,12.06193,-5.75055
