CLIP_0:1.89039,10.23309,-9.21117
CLIP_1:1.72917,12.07224,-5.75587
