CLIP_0:1.89048,10.23335,-9.21101
CLIP_1:1.72904,12.07195,-5.75573
