CLIP_0:1.88385,10.21202,-9.22422
CLIP_1:1.73959,12.09525,-5.76770
