CLIP_0:0.95875,0.84557,-1.27820
CLIP_1:-0.50378,0.82005,-1.44709
CLIP_2:-0.73059,-3.83964,2.01515
CLIP_3:-0.00591,0.71811,-2.51180
