CLIP_0:1.89265,10.24028,-9.20670
CLIP_1:1.72561,12.06436,-5.75181
