CLIP_0:1.89415,10.24497,-9.20376
CLIP_1:1.72327,12.05919,-5.74915
