CLIP_0:1.89121,10.23571,-9.20955
CLIP_1:1.72788,12.06938,-5.75440
