CLIP_0:1.88921,10.22930,-9.21352
CLIP_1:1.73105,12.07639,-5.75800
