CLIP_0:1.88523,10.21646,-9.22147
CLIP_1:1.73739,12.09039,-5.76520
