CLIP_0:1.89307,10.24159,-9.20589
CLIP_1:1.72496,12.06293,-5.75107
