CLIP_0:1.88978,10.23113,-9.21239
CLIP_1:1.73014,12.07438,-5.75698
