CLIP_0:0.95875,0.32070,-1.39764
CLIP_1:-0.50378,0.29518,-1.56653
CLIP_2:-0.73059,-4.36452,1.89571
CLIP_3:-0.00591,0.19323,-2.63124
