CLIP_0:1.89373,10.24366,-9.20458
CLIP_1:1.72392,12.06063,-5.74989
