CLIP_0:1.89117,10.23558,-9.20963
CLIP_1:1.72794,12.06952,-5.75447
