CLIP_0:1.88937,10.22983,-9.21320
CLIP_1:1.73079,12.07581,-5.75771
