CLIP_0:1.88527,10.21659,-9.22139
CLIP_1:1.73733,12.09024,-5.76513
