CLIP_0:0.95875,0.52630,-1.34735
CLIP_1:-0.50378,0.50078,-1.51624
CLIP_2:-0.73059,-4.15892,1.94600
CLIP_3:-0.00591,0.39883,-2.58095
