CLIP_0:1.89390,10.24419,-9.20426
CLIP_1:1.72366,12.06005,-5.74959
