CLIP_0:1.88681,10.22157,-9.21830
CLIP_1:1.73487,12.08483,-5.76234
