CLIP_0:1.89064,10.23388,-9.21068
CLIP_1:1.72878,12.07138,-5.75543
