CLIP_0:1.88974,10.23100,-9.21247
CLIP_1:1.73021,12.07453,-5.75705
