CLIP_0:1.88970,10.23087,-9.21255
CLIP_1:1.73027,12.07467,-5.75712
