CLIP_0:1.89298,10.24132,-9.20605
CLIP_1:1.72509,12.06322,-5.75122
