CLIP_0:1.89052,10.23349,-9.21093
CLIP_1:1.72898,12.07181,-5.75565
