CLIP_0:1.88467,10.21463,-9.22260
CLIP_1:1.73830,12.09239,-5.76623
