CLIP_0:1.88568,10.21790,-9.22057
CLIP_1:1.73668,12.08881,-5.76439
