CLIP_0:1.88697,10.22210,-9.21798
CLIP_1:1.73461,12.08425,-5.76204
