CLIP_0:1.89101,10.23505,-9.20996
CLIP_1:1.72820,12.07009,-5.75477
