CLIP_0:1.89002,10.23192,-9.21190
CLIP_1:1.72975,12.07353,-5.75654
