CLIP_0:1.88608,10.21920,-9.21976
CLIP_1:1.73603,12.08738,-5.76366
