CLIP_0:1.88941,10.22996,-9.21312
CLIP_1:1.73072,12.07567,-5.75764
