CLIP_0:1.88779,10.22472,-9.21636
CLIP_1:1.73331,12.08139,-5.76057
