CLIP_0:1.88369,10.21150,-9.22455
CLIP_1:1.73985,12.09582,-5.76799
