CLIP_0:1.88418,10.21306,-9.22357
CLIP_1:1.73908,12.09410,-5.76711
