CLIP_0:1.89514,10.24810,-9.20181
CLIP_1:1.72172,12.05575,-5.74737
