CLIP_0:1.89439,10.24575,-9.20327
CLIP_1:1.72289,12.05833,-5.74870
