CLIP_0:1.88357,10.21110,-9.22479
CLIP_1:1.74005,12.09625,-5.76821
