CLIP_0:1.88685,10.22170,-9.21822
CLIP_1:1.73480,12.08468,-5.76226
