CLIP_0:1.88702,10.22223,-9.21790
CLIP_1:1.73454,12.08411,-5.76197
