CLIP_0:1.88758,10.22406,-9.21676
CLIP_1:1.73364,12.08211,-5.76094
