CLIP_0:1.88718,10.22275,-9.21758
CLIP_1:1.73428,12.08354,-5.76168
