CLIP_0:1.89286,10.24093,-9.20629
CLIP_1:1.72529,12.06364,-5.75144
