CLIP_0:1.88450,10.21411,-9.22293
CLIP_1:1.73856,12.09296,-5.76652
