CLIP_0:1.89133,10.23610,-9.20931
CLIP_1:1.72768,12.06895,-5.75417
