CLIP_0:1.88726,10.22301,-9.21741
CLIP_1:1.73416,12.08325,-5.76153
