CLIP_0:1.89497,10.24758,-9.20214
CLIP_1:1.72198,12.05633,-5.74767
