CLIP_0:0.95875,0.58120,-1.33478
CLIP_1:-0.50378,0.55568,-1.50367
CLIP_2:-0.73059,-4.10402,1.95857
CLIP_3:-0.00591,0.45373,-2.56837
