CLIP_0:1.88410,10.21280,-9.22374
CLIP_1:1.73920,12.09439,-5.76726
