CLIP_0:1.89249,10.23976,-9.20703
CLIP_1:1.72587,12.06493,-5.75210
