CLIP_0:1.88540,10.21698,-9.22114
CLIP_1:1.73713,12.08981,-5.76491
