CLIP_0:1.88949,10.23022,-9.21295
CLIP_1:1.73059,12.07539,-5.75749
