CLIP_0:1.89179,10.23754,-9.20842
CLIP_1:1.72697,12.06737,-5.75336
