CLIP_0:1.88880,10.22800,-9.21433
CLIP_1:1.73169,12.07782,-5.75874
