CLIP_0:1.89431,10.24549,-9.20344
CLIP_1:1.72302,12.05862,-5.74885
