CLIP_0:1.88377,10.21176,-9.22438
CLIP_1:1.73972,12.09554,-5.76784
