CLIP_0:1.88661,10.22091,-9.21871
CLIP_1:1.73519,12.08554,-5.76270
