CLIP_0:1.89056,10.23362,-9.21085
CLIP_1:1.72891,12.07167,-5.75558
