CLIP_0:1.88389,10.21215,-9.22414
CLIP_1:1.73953,12.09511,-5.76762
