CLIP_0:1.89319,10.24197,-9.20564
CLIP_1:1.72477,12.06250,-5.75085
