CLIP_0:1.88393,10.21228,-9.22406
CLIP_1:1.73946,12.09496,-5.76755
