CLIP_0:1.88917,10.22917,-9.21360
CLIP_1:1.73111,12.07653,-5.75808
