CLIP_0:1.88604,10.21907,-9.21984
CLIP_1:1.73610,12.08753,-5.76373
