CLIP_0:1.89080,10.23440,-9.21036
CLIP_1:1.72852,12.07081,-5.75513
