CLIP_0:1.89274,10.24054,-9.20654
CLIP_1:1.72548,12.06407,-5.75166
