CLIP_0:1.88815,10.22591,-9.21563
CLIP_1:1.73273,12.08011,-5.75991
