CLIP_0:1.88795,10.22525,-9.21603
CLIP_1:1.73306,12.08082,-5.76028
