CLIP_0:0.95875,1.89030,-1.09590
CLIP_1:-0.50378,1.86478,-1.26479
CLIP_2:-0.73059,-2.79492,2.19745
CLIP_3:-0.00591,1.76283,-2.32949
