CLIP_0:1.89245,10.23963,-9.20711
CLIP_1:1.72593,12.06507,-5.75218
