CLIP_0:1.88463,10.21450,-9.22268
CLIP_1:1.73836,12.09253,-5.76630
