CLIP_0:1.88458,10.21437,-9.22276
CLIP_1:1.73843,12.09267,-5.76638
