CLIP_0:1.88479,10.21502,-9.22236
CLIP_1:1.73810,12.09196,-5.76601
