CLIP_0:1.89162,10.23701,-9.20874
CLIP_1:1.72723,12.06795,-5.75366
