CLIP_0:1.89447,10.24602,-9.20311
CLIP_1:1.72276,12.05805,-5.74856
