CLIP_0:1.89419,10.24510,-9.20368
CLIP_1:1.72321,12.05905,-5.74907
