CLIP_0:1.88868,10.22761,-9.21458
CLIP_1:1.73189,12.07825,-5.75896
