CLIP_0:1.89027,10.23270,-9.21141
CLIP_1:1.72936,12.07267,-5.75609
