CLIP_0:1.89171,10.23727,-9.20858
CLIP_1:1.72710,12.06766,-5.75351
