CLIP_0:1.89237,10.23936,-9.20727
CLIP_1:1.72606,12.06536,-5.75233
