CLIP_0:1.89150,10.23662,-9.20898
CLIP_1:1.72742,12.06838,-5.75388
