CLIP_0:0.95875,0.97217,-1.25306
CLIP_1:-0.50378,0.94665,-1.42195
CLIP_2:-0.73059,-3.71304,2.04030
CLIP_3:-0.00591,0.84471,-2.48665
