CLIP_0:1.88361,10.21123,-9.22471
CLIP_1:1.73998,12.09611,-5.76814
