CLIP_0:1.89125,10.23584,-9.20947
CLIP_1:1.72781,12.06923,-5.75432
