CLIP_0:1.89158,10.23688,-9.20882
CLIP_1:1.72729,12.06809,-5.75373
