CLIP_0:1.88673,10.22131,-9.21847
CLIP_1:1.73500,12.08511,-5.76248
