CLIP_0:1.89394,10.24432,-9.20417
CLIP_1:1.72360,12.05991,-5.74952
