CLIP_0:1.89023,10.23257,-9.21150
CLIP_1:1.72943,12.07281,-5.75617
