CLIP_0:1.89427,10.24536,-9.20352
CLIP_1:1.72308,12.05876,-5.74893
