CLIP_0:0.95875,1.53458,-1.15247
CLIP_1:-0.50378,1.50905,-1.32137
CLIP_2:-0.73059,-3.15064,2.14088
CLIP_3:-0.00591,1.40711,-2.38607
