CLIP_0:0.95875,0.87670,-1.27191
CLIP_1:-0.50378,0.85118,-1.44081
CLIP_2:-0.73059,-3.80852,2.02144
CLIP_3:-0.00591,0.74923,-2.50551
