CLIP_0:0.95875,-0.12920,-1.53594
CLIP_1:-0.50378,-0.15472,-1.70483
CLIP_2:-0.73059,-4.81442,1.75741
CLIP_3:-0.00591,-0.25667,-2.76954
