CLIP_0:1.88742,10.22354,-9.21709
CLIP_1:1.73390,12.08268,-5.76124
