CLIP_0:0.95875,0.11618,-1.45422
CLIP_1:-0.50378,0.09065,-1.62311
CLIP_2:-0.73059,-4.56904,1.83913
CLIP_3:-0.00591,-0.01129,-2.68782
