CLIP_0:1.88349,10.21084,-9.22495
CLIP_1:1.74018,12.09654,-5.76836
