CLIP_0:1.89019,10.23244,-9.21158
CLIP_1:1.72949,12.07295,-5.75624
