CLIP_0:1.88414,10.21293,-9.22365
CLIP_1:1.73914,12.09425,-5.76718
