CLIP_0:0.95875,2.31880,-1.03303
CLIP_1:-0.50378,2.29328,-1.20193
CLIP_2:-0.73059,-2.36642,2.26032
CLIP_3:-0.00591,2.19133,-2.26663
