CLIP_0:1.89455,10.24628,-9.20295
CLIP_1:1.72263,12.05776,-5.74841
