CLIP_0:0.95875,0.15918,-1.44165
CLIP_1:-0.50378,0.13365,-1.61054
CLIP_2:-0.73059,-4.52604,1.85170
CLIP_3:-0.00591,0.03171,-2.67524
