CLIP_0:0.95875,0.34518,-1.39136
CLIP_1:-0.50378,0.31965,-1.56025
CLIP_2:-0.73059,-4.34004,1.90200
CLIP_3:-0.00591,0.21771,-2.62495
