CLIP_0:1.88998,10.23179,-9.21198
CLIP_1:1.72982,12.07367,-5.75661
