CLIP_0:0.95875,0.29658,-1.40393
CLIP_1:-0.50378,0.27105,-1.57282
CLIP_2:-0.73059,-4.38864,1.88942
CLIP_3:-0.00591,0.16911,-2.63752
