CLIP_0:1.88629,10.21986,-9.21936
CLIP_1:1.73571,12.08667,-5.76329
