CLIP_0:1.88925,10.22943,-9.21344
CLIP_1:1.73098,12.07624,-5.75793
