CLIP_0:1.89327,10.24223,-9.20548
CLIP_1:1.72464,12.06221,-5.75070
