CLIP_0:1.88693,10.22197,-9.21806
CLIP_1:1.73467,12.08440,-5.76212
