CLIP_0:1.88365,10.21136,-9.22463
CLIP_1:1.73992,12.09596,-5.76806
