CLIP_0:0.95875,-0.09530,-1.52337
CLIP_1:-0.50378,-0.12082,-1.69226
CLIP_2:-0.73059,-4.78052,1.76998
CLIP_3:-0.00591,-0.22277,-2.75697
