CLIP_0:1.88710,10.22249,-9.21774
CLIP_1:1.73441,12.08383,-5.76182
