CLIP_0:0.95875,0.60918,-1.32849
CLIP_1:-0.50378,0.58365,-1.49738
CLIP_2:-0.73059,-4.07604,1.96486
CLIP_3:-0.00591,0.48171,-2.56209
