CLIP_0:1.88353,10.21097,-9.22487
CLIP_1:1.74011,12.09639,-5.76828
