CLIP_0:1.89200,10.23819,-9.20801
CLIP_1:1.72664,12.06666,-5.75299
