CLIP_0:0.95875,0.24938,-1.41650
CLIP_1:-0.50378,0.22385,-1.58539
CLIP_2:-0.73059,-4.43584,1.87685
CLIP_3:-0.00591,0.12191,-2.65010
