CLIP_0:1.88426,10.21332,-9.22341
CLIP_1:1.73895,12.09382,-5.76696
