CLIP_0:1.88373,10.21163,-9.22447
CLIP_1:1.73979,12.09568,-5.76792
