CLIP_0:0.95875,2.45418,-1.01417
CLIP_1:-0.50378,2.42865,-1.18307
CLIP_2:-0.73059,-2.23104,2.27918
CLIP_3:-0.00591,2.32671,-2.24777
