CLIP_0:1.89224,10.23897,-9.20752
CLIP_1:1.72625,12.06579,-5.75255
