CLIP_0:1.88864,10.22748,-9.21466
CLIP_1:1.73195,12.07839,-5.75903
