CLIP_0:0.95875,-0.19280,-1.56109
CLIP_1:-0.50378,-0.21832,-1.72998
CLIP_2:-0.73059,-4.87802,1.73226
CLIP_3:-0.00591,-0.32027,-2.79468
