CLIP_0:0.95875,1.72870,-1.12104
CLIP_1:-0.50378,1.70318,-1.28993
CLIP_2:-0.73059,-2.95652,2.17231
CLIP_3:-0.00591,1.60123,-2.35464
