CLIP_0:1.89323,10.24210,-9.20556
CLIP_1:1.72470,12.06236,-5.75077
