CLIP_0:1.89035,10.23296,-9.21125
CLIP_1:1.72923,12.07238,-5.75595
