CLIP_0:1.88843,10.22682,-9.21506
CLIP_1:1.73228,12.07910,-5.75940
