CLIP_0:1.89357,10.24314,-9.20491
CLIP_1:1.72418,12.06121,-5.75018
