CLIP_0:1.88637,10.22013,-9.21920
CLIP_1:1.73558,12.08639,-5.76314
