CLIP_0:1.88430,10.21346,-9.22333
CLIP_1:1.73888,12.09368,-5.76689
