CLIP_0:0.95875,0.44658,-1.36621
CLIP_1:-0.50378,0.42105,-1.53510
CLIP_2:-0.73059,-4.23864,1.92714
CLIP_3:-0.00591,0.31911,-2.59981
