CLIP_0:1.89093,10.23479,-9.21012
CLIP_1:1.72833,12.07038,-5.75491
