CLIP_0:1.89261,10.24015,-9.20678
CLIP_1:1.72567,12.06450,-5.75188
