CLIP_0:1.89402,10.24458,-9.20401
CLIP_1:1.72347,12.05962,-5.74937
