CLIP_0:1.88406,10.21267,-9.22382
CLIP_1:1.73927,12.09453,-5.76733
