CLIP_0:1.88596,10.21881,-9.22001
CLIP_1:1.73623,12.08781,-5.76388
