CLIP_0:1.88746,10.22367,-9.21701
CLIP_1:1.73383,12.08254,-5.76116
