CLIP_0:0.95875,-0.17742,-1.55480
CLIP_1:-0.50378,-0.20295,-1.72369
CLIP_2:-0.73059,-4.86264,1.73855
CLIP_3:-0.00591,-0.30489,-2.78840
