CLIP_0:0.95875,1.00470,-1.24677
CLIP_1:-0.50378,0.97918,-1.41566
CLIP_2:-0.73059,-3.68052,2.04658
CLIP_3:-0.00591,0.87723,-2.48037
