CLIP_0:0.95875,-0.31542,-1.61766
CLIP_1:-0.50378,-0.34095,-1.78656
CLIP_2:-0.73059,-5.00064,1.67569
CLIP_3:-0.00591,-0.44289,-2.85126
