CLIP_0:1.88901,10.22865,-9.21393
CLIP_1:1.73137,12.07710,-5.75837
