CLIP_0:0.11382,-0.20071,-2.51035
CLIP_1:-0.05993,1.60612,0.94406
