CLIP_0:0.95875,0.66618,-1.31592
CLIP_1:-0.50378,0.64065,-1.48481
CLIP_2:-0.73059,-4.01904,1.97743
CLIP_3:-0.00591,0.53871,-2.54952
