CLIP_0:1.89270,10.24041,-9.20662
CLIP_1:1.72554,12.06422,-5.75173
