CLIP_0:0.95875,0.94000,-1.25934
CLIP_1:-0.50378,0.91448,-1.42823
CLIP_2:-0.73059,-3.74522,2.03401
CLIP_3:-0.00591,0.81253,-2.49294
