CLIP_0:1.88835,10.22656,-9.21522
CLIP_1:1.73241,12.07939,-5.75955
