CLIP_0:0.95875,1.31317,-1.19019
CLIP_1:-0.50378,1.28765,-1.35908
CLIP_2:-0.73059,-3.37204,2.10316
CLIP_3:-0.00591,1.18571,-2.42379
