CLIP_0:1.89241,10.23950,-9.20719
CLIP_1:1.72600,12.06522,-5.75225
