CLIP_0:1.89043,10.23322,-9.21109
CLIP_1:1.72910,12.07209,-5.75580
