CLIP_0:0.95875,0.13750,-1.44793
CLIP_1:-0.50378,0.11198,-1.61682
CLIP_2:-0.73059,-4.54772,1.84542
CLIP_3:-0.00591,0.01003,-2.68153
