CLIP_0:1.88811,10.22577,-9.21571
CLIP_1:1.73280,12.08025,-5.75999
