CLIP_0:1.89501,10.24771,-9.20205
CLIP_1:1.72191,12.05618,-5.74760
