CLIP_0:1.88803,10.22551,-9.21587
CLIP_1:1.73293,12.08053,-5.76013
