CLIP_0:0.95875,1.24217,-1.20277
CLIP_1:-0.50378,1.21665,-1.37166
CLIP_2:-0.73059,-3.44304,2.09059
CLIP_3:-0.00591,1.11471,-2.43636
