CLIP_0:1.88839,10.22669,-9.21514
CLIP_1:1.73234,12.07925,-5.75947
