CLIP_0:0.95875,0.27280,-1.41021
CLIP_1:-0.50378,0.24728,-1.57911
CLIP_2:-0.73059,-4.41242,1.88314
CLIP_3:-0.00591,0.14533,-2.64381
