CLIP_0:1.88548,10.21724,-9.22098
CLIP_1:1.73700,12.08953,-5.76476
