CLIP_0:1.88422,10.21319,-9.22349
CLIP_1:1.73901,12.09396,-5.76704
