CLIP_0:0.95875,-0.35000,-1.63652
CLIP_1:-0.50378,-0.37552,-1.80541
CLIP_2:-0.73059,-5.03522,1.65683
CLIP_3:-0.00591,-0.47747,-2.87012
