CLIP_0:1.89187,10.23780,-9.20825
CLIP_1:1.72684,12.06709,-5.75321
