CLIP_0:0.95875,2.40870,-1.02046
CLIP_1:-0.50378,2.38318,-1.18935
CLIP_2:-0.73059,-2.27652,2.27289
CLIP_3:-0.00591,2.28123,-2.25406
