CLIP_0:1.89464,10.24654,-9.20278
CLIP_1:1.72250,12.05747,-5.74826
