CLIP_0:1.88774,10.22459,-9.21644
CLIP_1:1.73338,12.08154,-5.76065
