CLIP_0:1.89015,10.23231,-9.21166
CLIP_1:1.72956,12.07310,-5.75632
