CLIP_0:0.95875,0.22630,-1.42279
CLIP_1:-0.50378,0.20078,-1.59168
CLIP_2:-0.73059,-4.45892,1.87056
CLIP_3:-0.00591,0.09883,-2.65638
