CLIP_0:1.89505,10.24784,-9.20197
CLIP_1:1.72185,12.05604,-5.74752
