CLIP_0:1.88519,10.21633,-9.22155
CLIP_1:1.73746,12.09053,-5.76527
