CLIP_0:0.95875,2.14320,-1.05818
CLIP_1:-0.50378,2.11768,-1.22707
CLIP_2:-0.73059,-2.54202,2.23517
CLIP_3:-0.00591,2.01573,-2.29178
