CLIP_0:0.95875,0.20358,-1.42907
CLIP_1:-0.50378,0.17805,-1.59796
CLIP_2:-0.73059,-4.48164,1.86428
CLIP_3:-0.00591,0.07611,-2.66267
