CLIP_0:1.88734,10.22327,-9.21725
CLIP_1:1.73403,12.08297,-5.76138
