CLIP_0:1.89142,10.23636,-9.20914
CLIP_1:1.72755,12.06866,-5.75403
