CLIP_0:1.88381,10.21189,-9.22430
CLIP_1:1.73966,12.09539,-5.76777
