CLIP_0:1.88588,10.21855,-9.22017
CLIP_1:1.73636,12.08810,-5.76403
