CLIP_0:1.88499,10.21568,-9.22195
CLIP_1:1.73778,12.09124,-5.76564
