CLIP_0:1.88823,10.22617,-9.21547
CLIP_1:1.73260,12.07982,-5.75977
