CLIP_0:1.89146,10.23649,-9.20906
CLIP_1:1.72749,12.06852,-5.75395
