CLIP_0:0.95875,1.03757,-1.24048
CLIP_1:-0.50378,1.01205,-1.40937
CLIP_2:-0.73059,-3.64764,2.05287
CLIP_3:-0.00591,0.91011,-2.47408
