CLIP_0:0.95875,-0.14562,-1.54223
CLIP_1:-0.50378,-0.17115,-1.71112
CLIP_2:-0.73059,-4.83084,1.75112
CLIP_3:-0.00591,-0.27309,-2.77582
