CLIP_0:0.95875,-0.00442,-1.49194
CLIP_1:-0.50378,-0.02995,-1.66083
CLIP_2:-0.73059,-4.68964,1.80141
CLIP_3:-0.00591,-0.13189,-2.72553
