CLIP_0:1.89510,10.24797,-9.20189
CLIP_1:1.72178,12.05589,-5.74745
