CLIP_0:1.88783,10.22485,-9.21628
CLIP_1:1.73325,12.08125,-5.76050
