CLIP_0:1.88653,10.22065,-9.21887
CLIP_1:1.73532,12.08582,-5.76285
