CLIP_0:1.88689,10.22184,-9.21814
CLIP_1:1.73474,12.08454,-5.76219
