CLIP_0:1.89068,10.23401,-9.21060
CLIP_1:1.72872,12.07124,-5.75536
