CLIP_0:1.89294,10.24119,-9.20613
CLIP_1:1.72516,12.06336,-5.75129
