CLIP_0:0.95875,-0.23682,-1.57995
CLIP_1:-0.50378,-0.26235,-1.74884
CLIP_2:-0.73059,-4.92204,1.71341
CLIP_3:-0.00591,-0.36429,-2.81354
