CLIP_0:1.88507,10.21594,-9.22179
CLIP_1:1.73765,12.09096,-5.76549
