CLIP_0:0.95875,-0.30320,-1.61138
CLIP_1:-0.50378,-0.32872,-1.78027
CLIP_2:-0.73059,-4.98842,1.68197
CLIP_3:-0.00591,-0.43067,-2.84497
