CLIP_0:0.95875,0.78438,-1.29077
CLIP_1:-0.50378,0.75885,-1.45967
CLIP_2:-0.73059,-3.90084,2.00258
CLIP_3:-0.00591,0.65691,-2.52437
