CLIP_0:1.89076,10.23427,-9.21044
CLIP_1:1.72859,12.07095,-5.75521
