CLIP_0:1.89348,10.24288,-9.20508
CLIP_1:1.72431,12.06149,-5.75033
