CLIP_0:1.88491,10.21542,-9.22211
CLIP_1:1.73791,12.09153,-5.76579
