CLIP_0:1.88884,10.22813,-9.21425
CLIP_1:1.73163,12.07767,-5.75867
