CLIP_0:0.95875,0.01480,-1.48565
CLIP_1:-0.50378,-0.01072,-1.65454
CLIP_2:-0.73059,-4.67042,1.80770
CLIP_3:-0.00591,-0.11267,-2.71925
