CLIP_0:1.89154,10.23675,-9.20890
CLIP_1:1.72736,12.06823,-5.75380
