CLIP_0:1.88766,10.22433,-9.21660
CLIP_1:1.73351,12.08182,-5.76079
