CLIP_0:1.88564,10.21777,-9.22066
CLIP_1:1.73674,12.08895,-5.76447
