CLIP_0:0.95875,1.84938,-1.10218
CLIP_1:-0.50378,1.82385,-1.27107
CLIP_2:-0.73059,-2.83584,2.19117
CLIP_3:-0.00591,1.72191,-2.33578
