CLIP_0:0.95875,1.61118,-1.13990
CLIP_1:-0.50378,1.58565,-1.30879
CLIP_2:-0.73059,-3.07404,2.15345
CLIP_3:-0.00591,1.48371,-2.37350
