CLIP_0:1.88576,10.21816,-9.22041
CLIP_1:1.73655,12.08853,-5.76425
