CLIP_0:0.95875,1.13830,-1.22162
CLIP_1:-0.50378,1.11278,-1.39052
CLIP_2:-0.73059,-3.54692,2.07173
CLIP_3:-0.00591,1.01083,-2.45522
