CLIP_0:1.89129,10.23597,-9.20939
CLIP_1:1.72775,12.06909,-5.75425
