CLIP_0:1.89443,10.24588,-9.20319
CLIP_1:1.72282,12.05819,-5.74863
