CLIP_0:1.88929,10.22957,-9.21336
CLIP_1:1.73092,12.07610,-5.75786
