CLIP_0:1.88600,10.21894,-9.21993
CLIP_1:1.73616,12.08767,-5.76381
