CLIP_0:0.95875,2.10018,-1.06447
CLIP_1:-0.50378,2.07465,-1.23336
CLIP_2:-0.73059,-2.58504,2.22889
CLIP_3:-0.00591,1.97271,-2.29806
