CLIP_0:0.95875,0.09520,-1.46051
CLIP_1:-0.50378,0.06968,-1.62940
CLIP_2:-0.73059,-4.59002,1.83285
CLIP_3:-0.00591,-0.03227,-2.69410
