CLIP_0:1.89489,10.24732,-9.20230
CLIP_1:1.72211,12.05661,-5.74782
