CLIP_0:1.89228,10.23910,-9.20744
CLIP_1:1.72619,12.06565,-5.75247
