CLIP_0:0.95875,0.63750,-1.32221
CLIP_1:-0.50378,0.61198,-1.49110
CLIP_2:-0.73059,-4.04772,1.97115
CLIP_3:-0.00591,0.51003,-2.55580
