CLIP_0:0.95875,1.27750,-1.19648
CLIP_1:-0.50378,1.25198,-1.36537
CLIP_2:-0.73059,-3.40772,2.09687
CLIP_3:-0.00591,1.15003,-2.43008
