CLIP_0:1.88625,10.21973,-9.21944
CLIP_1:1.73577,12.08681,-5.76336
