CLIP_0:0.95875,1.76857,-1.11476
CLIP_1:-0.50378,1.74305,-1.28365
CLIP_2:-0.73059,-2.91664,2.17859
CLIP_3:-0.00591,1.64111,-2.34835
