CLIP_0:1.89216,10.23871,-9.20768
CLIP_1:1.72638,12.06608,-5.75270
