CLIP_0:1.88677,10.22144,-9.21839
CLIP_1:1.73493,12.08497,-5.76241
