CLIP_0:1.88487,10.21528,-9.22220
CLIP_1:1.73797,12.09167,-5.76586
