CLIP_0:0.95875,0.42070,-1.37250
CLIP_1:-0.50378,0.39518,-1.54139
CLIP_2:-0.73059,-4.26452,1.92085
CLIP_3:-0.00591,0.29323,-2.60609
