CLIP_0:1.89331,10.24236,-9.20540
CLIP_1:1.72457,12.06207,-5.75063
