CLIP_0:1.88665,10.22105,-9.21863
CLIP_1:1.73513,12.08539,-5.76263
