CLIP_0:1.88990,10.23153,-9.21214
CLIP_1:1.72995,12.07395,-5.75676
