CLIP_0:-3.34849,-0.18942,6.36587
CLIP_1:-3.21718,-0.18942,6.36587
CLIP_2:-3.08586,-0.18942,6.36587
