CLIP_0:1.89468,10.24667,-9.20270
CLIP_1:1.72244,12.05733,-5.74819
