CLIP_0:1.88434,10.21359,-9.22325
CLIP_1:1.73882,12.09353,-5.76682
