CLIP_0:0.95875,2.23030,-1.04561
CLIP_1:-0.50378,2.20478,-1.21450
CLIP_2:-0.73059,-2.45492,2.24774
CLIP_3:-0.00591,2.10283,-2.27920
