CLIP_0:1.89282,10.24080,-9.20637
CLIP_1:1.72535,12.06379,-5.75151
