CLIP_0:1.89278,10.24067,-9.20645
CLIP_1:1.72541,12.06393,-5.75159
