CLIP_0:1.88621,10.21960,-9.21952
CLIP_1:1.73584,12.08696,-5.76344
