CLIP_0:1.88714,10.22262,-9.21766
CLIP_1:1.73435,12.08368,-5.76175
