CLIP_0:0.95875,2.36357,-1.02675
CLIP_1:-0.50378,2.33805,-1.19564
CLIP_2:-0.73059,-2.32164,2.26660
CLIP_3:-0.00591,2.23611,-2.26034
