CLIP_0:0.95875,0.07458,-1.46679
CLIP_1:-0.50378,0.04905,-1.63568
CLIP_2:-0.73059,-4.61064,1.82656
CLIP_3:-0.00591,-0.05289,-2.70039
