CLIP_0:1.88909,10.22891,-9.21377
CLIP_1:1.73124,12.07682,-5.75822
