CLIP_0:1.88544,10.21711,-9.22106
CLIP_1:1.73707,12.08967,-5.76483
