CLIP_0:1.89109,10.23531,-9.20979
CLIP_1:1.72807,12.06981,-5.75462
