CLIP_0:1.88669,10.22118,-9.21855
CLIP_1:1.73506,12.08525,-5.76256
