CLIP_0:1.89377,10.24379,-9.20450
CLIP_1:1.72386,12.06049,-5.74981
