CLIP_0:0.95875,1.80880,-1.10847
CLIP_1:-0.50378,1.78328,-1.27736
CLIP_2:-0.73059,-2.87642,2.18488
CLIP_3:-0.00591,1.68133,-2.34207
