CLIP_0:1.88953,10.23035,-9.21287
CLIP_1:1.73053,12.07524,-5.75742
