CLIP_0:1.88791,10.22512,-9.21612
CLIP_1:1.73312,12.08096,-5.76035
