CLIP_0:1.89386,10.24406,-9.20434
CLIP_1:1.72373,12.06020,-5.74967
