CLIP_0:1.89060,10.23375,-9.21077
CLIP_1:1.72885,12.07152,-5.75550
