CLIP_0:0.95875,-0.25080,-1.58623
CLIP_1:-0.50378,-0.27632,-1.75512
CLIP_2:-0.73059,-4.93602,1.70712
CLIP_3:-0.00591,-0.37827,-2.81983
