CLIP_0:1.89212,10.23858,-9.20777
CLIP_1:1.72645,12.06622,-5.75277
