CLIP_0:1.88495,10.21555,-9.22203
CLIP_1:1.73785,12.09139,-5.76571
