CLIP_0:1.89315,10.24185,-9.20572
CLIP_1:1.72483,12.06264,-5.75092
