CLIP_0:1.89253,10.23989,-9.20695
CLIP_1:1.72580,12.06479,-5.75203
