CLIP_0:1.88856,10.22721,-9.21482
CLIP_1:1.73208,12.07868,-5.75918
