CLIP_0:0.95875,1.93158,-1.08961
CLIP_1:-0.50378,1.90605,-1.25850
CLIP_2:-0.73059,-2.75364,2.20374
CLIP_3:-0.00591,1.80411,-2.32321
