CLIP_0:1.88572,10.21803,-9.22049
CLIP_1:1.73662,12.08867,-5.76432
