CLIP_0:0.95875,2.05750,-1.07075
CLIP_1:-0.50378,2.03198,-1.23964
CLIP_2:-0.73059,-2.62772,2.22260
CLIP_3:-0.00591,1.93003,-2.30435
