CLIP_0:0.95875,-0.20782,-1.56737
CLIP_1:-0.50378,-0.23335,-1.73626
CLIP_2:-0.73059,-4.89304,1.72598
CLIP_3:-0.00591,-0.33529,-2.80097
