CLIP_0:0.95875,0.39518,-1.37878
CLIP_1:-0.50378,0.36965,-1.54767
CLIP_2:-0.73059,-4.29004,1.91457
CLIP_3:-0.00591,0.26771,-2.61238
