CLIP_0:0.95875,0.05430,-1.47308
CLIP_1:-0.50378,0.02878,-1.64197
CLIP_2:-0.73059,-4.63092,1.82027
CLIP_3:-0.00591,-0.07317,-2.70667
