CLIP_0:1.89484,10.24719,-9.20238
CLIP_1:1.72218,12.05676,-5.74789
