CLIP_0:1.88892,10.22839,-9.21409
CLIP_1:1.73150,12.07739,-5.75852
