CLIP_0:1.89352,10.24301,-9.20499
CLIP_1:1.72425,12.06135,-5.75026
