CLIP_0:1.88475,10.21489,-9.22244
CLIP_1:1.73817,12.09210,-5.76608
