CLIP_0:1.88552,10.21737,-9.22090
CLIP_1:1.73694,12.08938,-5.76469
