CLIP_0:1.89435,10.24562,-9.20335
CLIP_1:1.72295,12.05848,-5.74878
