CLIP_0:0.95875,2.01518,-1.07704
CLIP_1:-0.50378,1.98965,-1.24593
CLIP_2:-0.73059,-2.67004,2.21631
CLIP_3:-0.00591,1.88771,-2.31063
