CLIP_0:0.95875,-0.06000,-1.51080
CLIP_1:-0.50378,-0.08552,-1.67969
CLIP_2:-0.73059,-4.74522,1.78255
CLIP_3:-0.00591,-0.18747,-2.74439
