CLIP_0:1.88438,10.21372,-9.22317
CLIP_1:1.73875,12.09339,-5.76674
