CLIP_0:0.95875,1.07080,-1.23420
CLIP_1:-0.50378,1.04528,-1.40309
CLIP_2:-0.73059,-3.61442,2.05915
CLIP_3:-0.00591,0.94333,-2.46779
