CLIP_0:1.89191,10.23793,-9.20817
CLIP_1:1.72677,12.06694,-5.75314
