CLIP_0:1.89472,10.24680,-9.20262
CLIP_1:1.72237,12.05719,-5.74811
