CLIP_0:0.95875,0.90817,-1.26563
CLIP_1:-0.50378,0.88265,-1.43452
CLIP_2:-0.73059,-3.77704,2.02772
CLIP_3:-0.00591,0.78071,-2.49923
