CLIP_0:1.89311,10.24172,-9.20580
CLIP_1:1.72490,12.06279,-5.75100
