CLIP_0:1.88649,10.22052,-9.21895
CLIP_1:1.73539,12.08596,-5.76292
