CLIP_0:1.89031,10.23283,-9.21133
CLIP_1:1.72930,12.07252,-5.75602
