CLIP_0:1.89290,10.24106,-9.20621
CLIP_1:1.72522,12.06350,-5.75137
