CLIP_0:1.89257,10.24002,-9.20686
CLIP_1:1.72574,12.06465,-5.75196
