CLIP_0:0.95875,1.45937,-1.16505
CLIP_1:-0.50378,1.43385,-1.33394
CLIP_2:-0.73059,-3.22584,2.12830
CLIP_3:-0.00591,1.33191,-2.39864
