CLIP_0:1.88341,10.21058,-9.22511
CLIP_1:1.74031,12.09682,-5.76851
