CLIP_0:1.89204,10.23832,-9.20793
CLIP_1:1.72658,12.06651,-5.75292
