CLIP_0:1.89175,10.23740,-9.20850
CLIP_1:1.72703,12.06752,-5.75343
