CLIP_0:1.89072,10.23414,-9.21052
CLIP_1:1.72865,12.07109,-5.75528
