CLIP_0:1.89220,10.23884,-9.20760
CLIP_1:1.72632,12.06594,-5.75262
