CLIP_0:1.89344,10.24275,-9.20516
CLIP_1:1.72438,12.06164,-5.75040
