CLIP_0:1.89113,10.23545,-9.20971
CLIP_1:1.72801,12.06966,-5.75454
