CLIP_0:1.88799,10.22538,-9.21595
CLIP_1:1.73299,12.08068,-5.76021
