CLIP_0:1.88888,10.22826,-9.21417
CLIP_1:1.73156,12.07753,-5.75859
