CLIP_0:1.88531,10.21672,-9.22130
CLIP_1:1.73726,12.09010,-5.76505
