CLIP_0:1.88831,10.22643,-9.21531
CLIP_1:1.73247,12.07953,-5.75962
