CLIP_0:1.89208,10.23845,-9.20785
CLIP_1:1.72651,12.06637,-5.75284
