CLIP_0:1.89340,10.24262,-9.20524
CLIP_1:1.72444,12.06178,-5.75048
