CLIP_0:1.88580,10.21829,-9.22033
CLIP_1:1.73649,12.08838,-5.76417
