CLIP_0:1.89105,10.23518,-9.20987
CLIP_1:1.72813,12.06995,-5.75469
