CLIP_0:1.88945,10.23009,-9.21304
CLIP_1:1.73066,12.07553,-5.75756
