CLIP_0:1.88819,10.22604,-9.21555
CLIP_1:1.73267,12.07996,-5.75984
