CLIP_0:1.88852,10.22708,-9.21490
CLIP_1:1.73215,12.07882,-5.75925
