CLIP_0:1.88592,10.21868,-9.22009
CLIP_1:1.73629,12.08795,-5.76395
