CLIP_0:1.88535,10.21685,-9.22122
CLIP_1:1.73720,12.08996,-5.76498
