CLIP_0:1.89518,10.24823,-9.20173
CLIP_1:1.72165,12.05561,-5.74730
