CLIP_0:1.89410,10.24484,-9.20385
CLIP_1:1.72334,12.05933,-5.74922
