CLIP_0:1.89183,10.23767,-9.20833
CLIP_1:1.72690,12.06723,-5.75329
