CLIP_0:1.88957,10.23048,-9.21279
CLIP_1:1.73047,12.07510,-5.75734
