CLIP_0:0.95875,-0.27770,-1.59880
CLIP_1:-0.50378,-0.30322,-1.76770
CLIP_2:-0.73059,-4.96292,1.69455
CLIP_3:-0.00591,-0.40517,-2.83240
