CLIP_0:1.89084,10.23453,-9.21028
CLIP_1:1.72846,12.07066,-5.75506
