CLIP_0:1.88446,10.21398,-9.22301
CLIP_1:1.73862,12.09310,-5.76660
