CLIP_0:1.88986,10.23139,-9.21222
CLIP_1:1.73001,12.07410,-5.75683
