CLIP_0:1.88612,10.21934,-9.21968
CLIP_1:1.73597,12.08724,-5.76359
