CLIP_0:1.88905,10.22878,-9.21385
CLIP_1:1.73131,12.07696,-5.75830
