CLIP_0:1.88483,10.21515,-9.22228
CLIP_1:1.73804,12.09182,-5.76593
