CLIP_0:1.88442,10.21385,-9.22309
CLIP_1:1.73869,12.09325,-5.76667
