CLIP_0:0.95875,0.03438,-1.47936
CLIP_1:-0.50378,0.00885,-1.64826
CLIP_2:-0.73059,-4.65084,1.81399
CLIP_3:-0.00591,-0.09309,-2.71296
