CLIP_0:1.88762,10.22420,-9.21668
CLIP_1:1.73357,12.08197,-5.76087
