CLIP_0:0.95875,0.72458,-1.30335
CLIP_1:-0.50378,0.69905,-1.47224
CLIP_2:-0.73059,-3.96064,1.99000
CLIP_3:-0.00591,0.59711,-2.53694
