CLIP_0:0.95875,1.38557,-1.17762
CLIP_1:-0.50378,1.36005,-1.34651
CLIP_2:-0.73059,-3.29964,2.11573
CLIP_3:-0.00591,1.25811,-2.41122
