CLIP_0:0.95875,2.27438,-1.03932
CLIP_1:-0.50378,2.24885,-1.20821
CLIP_2:-0.73059,-2.41084,2.25403
CLIP_3:-0.00591,2.14691,-2.27292
