CLIP_0:0.95875,2.50000,-1.00789
CLIP_1:-0.50378,2.47448,-1.17678
CLIP_2:-0.73059,-2.18522,2.28546
CLIP_3:-0.00591,2.37253,-2.24148
