CLIP_0:1.89138,10.23623,-9.20923
CLIP_1:1.72762,12.06880,-5.75410
