CLIP_0:1.89480,10.24706,-9.20246
CLIP_1:1.72224,12.05690,-5.74797
