CLIP_0:0.95875,0.55358,-1.34106
CLIP_1:-0.50378,0.52805,-1.50996
CLIP_2:-0.73059,-4.13164,1.95229
CLIP_3:-0.00591,0.42611,-2.57466
