CLIP_0:1.89451,10.24615,-9.20303
CLIP_1:1.72270,12.05790,-5.74848
