CLIP_0:1.88503,10.21581,-9.22187
CLIP_1:1.73772,12.09110,-5.76557
