CLIP_0:1.88982,10.23126,-9.21231
CLIP_1:1.73008,12.07424,-5.75690
