CLIP_0:0.95875,-0.22250,-1.57366
CLIP_1:-0.50378,-0.24802,-1.74255
CLIP_2:-0.73059,-4.90772,1.71969
CLIP_3:-0.00591,-0.34997,-2.80726
