CLIP_0:1.88657,10.22078,-9.21879
CLIP_1:1.73526,12.08568,-5.76278
