CLIP_0:1.88770,10.22446,-9.21652
CLIP_1:1.73344,12.08168,-5.76072
