CLIP_0:1.89302,10.24146,-9.20597
CLIP_1:1.72503,12.06307,-5.75114
