CLIP_0:1.89088,10.23466,-9.21020
CLIP_1:1.72839,12.07052,-5.75499
