CLIP_0:0.95875,1.20720,-1.20905
CLIP_1:-0.50378,1.18168,-1.37794
CLIP_2:-0.73059,-3.47802,2.08430
CLIP_3:-0.00591,1.07973,-2.44265
