CLIP_0:0.95875,2.18658,-1.05189
CLIP_1:-0.50378,2.16105,-1.22078
CLIP_2:-0.73059,-2.49864,2.24146
CLIP_3:-0.00591,2.05911,-2.28549
