CLIP_0:1.88617,10.21947,-9.21960
CLIP_1:1.73590,12.08710,-5.76351
