CLIP_0:1.88584,10.21842,-9.22025
CLIP_1:1.73642,12.08824,-5.76410
