CLIP_0:1.88962,10.23061,-9.21271
CLIP_1:1.73040,12.07496,-5.75727
