CLIP_0:1.89423,10.24523,-9.20360
CLIP_1:1.72315,12.05890,-5.74900
