CLIP_0:1.88807,10.22564,-9.21579
CLIP_1:1.73286,12.08039,-5.76006
