CLIP_0:1.89011,10.23218,-9.21174
CLIP_1:1.72962,12.07324,-5.75639
