CLIP_0:1.88913,10.22904,-9.21368
CLIP_1:1.73118,12.07667,-5.75815
