CLIP_0:1.88511,10.21607,-9.22171
CLIP_1:1.73759,12.09081,-5.76542
