CLIP_0:0.95875,-0.02330,-1.49822
CLIP_1:-0.50378,-0.04882,-1.66711
CLIP_2:-0.73059,-4.70852,1.79513
CLIP_3:-0.00591,-0.15077,-2.73182
